1737
2287
928
757
1903
2703
2525
2078
2947
2758
3225
213
75
1157
7
2576
858
1168
140
1187
2944
2430
83
2507
185
1478
357
2371
3300
2515
2754
2293
3504
3487
2094
3749
2035
458
875
2207
205
3604
853
3032
1206
3755
1885
991
2399
320
2183
371
1746
3935
2717
1846
1226
3130
3596
242
242
3476
3791
2770
516
1837
165
3381
2137
1433
614
2269
34
1784
3969
261
1865
1151
2796
3082
2824
746
1999
1539
3117
3899
2018
1044
3349
2500
1482
3574
2560
1179
1997
636
2058
170
2702
1628
1534
2288
835
734
1572
350
641
1429
1194
3852
2948
2158
1133
1723
3160
2623
1681
291
1848
1359
198
1834
2592
2207
2981
1543
3548
3025
1101
1582
1028
1599
2735
609
1120
1549
1228
2433
3693
1251
2911
2467
2124
2487
496
2003
3134
2725
2154
2735
395
957
2125
803
290
3514
278
483
1192
1076
587
2589
2045
91
1207
115
3663
3185
2597
2573
1083
1864
3294
1702
2208
24
2057
1054
2339
185
211
2587
456
180
1884
3444
2935
1643
2009
593
3643
3657
1739
1365
350
1566
1499
2043
3915
3849
3407
1671
260
558
3627
1893
409
321
1172
3074
1244
2966
955
1316
3440
3881
402
2461
1205
1388
2599
2583
1311
922
2133
466
2734
3345
1130
967
3226
2808
3759
2181
1769
294
1179
3834
872
360
3621
248
2264
3194
1308
1464
2241
1237
757
755
3538
107
2967
2158
921
497
1586
3121
1054
344
3156
3738
3049
1401
3781
1738
1017
2530
1971
162
452
1439
1930
539
3251
1539
2965
1242
1388
177
1029
3579
3960
195
3715
3110
3499
1547
1657
2803
3041
92
1515
3085
2352
3658
923
3635
716
2667
1196
2853
2646
3889
232
2450
637
464
1455
136
345
3631
2724
2983
2622
3471
899
3315
959
386
1708
2702
780
3809
1714
3796
1901
999
634
2611
954
605
550
1430
766
1460
1900
1409
156
1771
712
3663
3775
3497
2304
2143
1379
3295
2569
1730
3134
3314
3428
2099
3706
607
2998
2514
980
364
1003
2740
2385
1486
361
3355
1920
1471
886
3781
341
2326
1717
546
2842
2010
3051
2517
274
1088
67
1007
407
2398
833
2881
2691
2629
2700
3735
1255
162
3310
748
2630
1677
2318
571
1775
3978
746
1245
3830
1568
234
2808
1044
2995
127
51
3237
1749
3044
3276
3869
1174
94
3993
1838
1459
1360
253
3692
1547
2326
2522
2314
3823
797
1169
3348
2834
1388
3093
3015
2385
2298
3909
3419
1559
966
1128
3313
826
793
3468
2272
282
521
1955
1555
3089
1176
320
1142
3946
2294
3965
2843
1217
2431
679
1774
3741
317
3788
1325
1726
554
1932
3676
3865
153
138
2671
321
2289
1294
229
3488
244
3896
885
3351
3688
1714
1202
329
1500
24
2986
1914
3544
498
379
2558
49
1453
1704
3433
3160
3085
615
3734
1928
2329
1020
1465
1679
1518
3494
3068
277
871
51
3958
3015
2021
512
657
2899
50
3266
1010
11
948
2436
1847
2352
1345
1821
1910
2761
3478
3449
2893
2517
2550
219
3908
486
3137
2174
802
1002
589
2182
1190
682
2153
3785
700
1953
322
417
82
3276
1575
3838
327
219
3177
1286
1583
1260
603
2906
3928
3829
718
2309
356
2292
511
1652
3162
2482
2391
2377
593
1592
48
2875
3510
169
2762
2499
3534
1793
954
2565
311
2862
2829
2031
1036
920
2168
1642
414
3695
3810
1572
2498
1579
1294
1736
2340
1135
1261
1218
3545
2674
2065
2173
983
3101
811
1138
2127
3654
1242
1224
24
3305
831
2746
3480
226
1311
3045
219
3645
1972
3791
3
2172
397
2382
408
2989
1137
1618
3384
255
3383
304
3422
3375
3909
410
3016
510
2875
881
3779
423
2385
354
1740
1717
863
3746
3342
206
928
245
1706
3878
309
2623
3594
322
1306
1349
1287
12
1298
297
910
2724
810
2789
1940
2325
529
2377
954
310
2874
930
352
2886
3253
1231
3278
2829
2187
2685
874
1144
1163
456
3990
3214
2220
1299
1617
115
1627
3064
228
805
1516
1610
3171
3803
3001
639
2659
2061
3183
2168
2660
1442
1915
1177
3594
1426
1639
2472
3456
3217
3458
2647
2661
998
2841
2691
3069
2565
3616
1525
704
3998
2468
3992
2689
1986
2654
1906
12
3723
3625
3182
1625
3921
3760
1948
3358
3185
0
2475
612
996
3089
2000
2131
1861
1036
2421
1331
3104
745
1645
1869
1830
1393
2335
245
2044
2349
1000
2547
2832
1364
240
869
3207
3641
2856
2316
2977
1081
2597
3679
3693
1750
2152
1511
3354
1117
2740
1861
137
996
1302
3792
2336
3731
1363
1638
56
259
670
1846
2460
3732
3300
1008
293
2871
1878
66
1816
483
1148
3664
1287
1771
1547
2469
2048
874
1086
2954
3266
3947
261
1133
1400
1357
3066
2855
1947
487
2309
2188
358
1361
862
3570
1262
2827
157
3525
1973
2233
1576
1541
1044
2881
2467
672
959
869
12
1571
195
3555
929
1923
1133
3833
1701
3896
1750
1519
1347
1707
1458
2053
1340
2816
2443
2871
854
2988
283
3176
3473
1146
2488
90
929
3809
1589
2105
3589
3170
2572
1366
2454
145
2600
2849
1068
1781
1197
3817
3937
890
402
851
2819
1995
2026
3695
3893
3810
2470
1708
1317
2523
3446
712
2564
605
3027
2779
1188
3710
2222
390
2855
3720
3808
289
1558
2788
1950
3809
1768
3929
1833
1120
1260
2257
147
1681
3222
3272
440
2196
2936
2989
2427
1666
3376
706
3294
2938
1237
2401
3112
3469
1247
2487
1304
384
872
68
116
3903
419
2959
3821
1271
1421
3876
1624
2173
2191
2413
340
2146
1543
3984
2041
3637
2012
576
2161
1114
1779
1522
1867
747
1607
3299
1355
2446
1081
1196
2000
3588
3580
617
3830
1536
2526
920
2588
1773
2310
2785
431
693
2269
329
1179
1518
1773
2690
1444
1097
696
1210
1816
1739
2484
579
2840
1868
1246
1566
12
3102
522
2164
71
3310
272
1097
397
2270
1372
3126
1325
988
1243
3732
3532
1967
1439
2560
2519
1726
2171
1525
2384
2167
1951
382
195
1530
2254
279
3823
2880
3514
33
1726
3664
692
2523
3696
2834
1943
2065
179
344
2117
1782
3464
3760
392
1209
1026
3868
2258
908
1448
2733
1741
1761
130
1896
946
3173
2263
909
461
977
2864
1708
3253
2713
1243
1589
2157
1258
73
3316
2851
1257
2047
20
2113
308
3598
3087
341
3304
3841
3397
1105
1961
2580
1997
2096
666
3338
3400
2560
2280
3341
743
1242
1084
973
2898
2164
3831
3840
1632
939
412
2724
1554
919
1828
879
2425
3273
2154
161
3306
2480
3966
3427
970
2922
1761
180
1464
433
237
2822
2744
3623
2571
1704
2833
2936
3613
3329
986
809
2036
3714
66
1553
1166
1214
1379
3818
3347
2769
3566
3066
3484
2643
400
730
629
2256
835
3032
1444
1094
1805
2352
939
1792
1274
1728
302
2463
1611
2249
2275
1902
3850
1223
1615
3374
816
1715
2303
2413
426
791
2800
1462
456
1528
2913
46
435
1467
3454
3129
910
1572
808
3216
604
2060
3782
1726
1702
1936
2376
3516
2166
3339
955
812
2505
3805
1354
573
1446
2550
3868
29
550
2458
3816
177
2794
3379
3934
2970
1331
3020
3462
2345
1600
224
1257
2053
3752
2980
1566
334
895
1456
735
2449
2996
3377
2989
2734
2115
2316
3161
2529
1059
1606
3225
1347
87
313
225
2899
2813
995
1546
2206
1231
998
1018
3877
1590
3588
1558
2789
1595
1805
50
41
3241
1261
3008
2716
1626
2121
3376
523
3129
1334
2058
643
2937
1503
2057
206
2133
3491
2613
1600
3006
1344
3986
2306
1834
1941
3474
979
530
65
1671
3287
3365
1925
1234
227
3594
1845
1931
3736
2162
3882
363
3402
73
1267
3431
1651
2792
592
3157
3407
2901
1837
1414
2092
3507
592
1344
1926
3252
2462
2863
3006
3358
1269
3956
2343
1317
2827
1303
2125
1176
2462
249
2326
1732
1499
3617
3378
632
2540
2363
1850
2734
3934
304
1546
3461
1667
2442
2841
1992
1978
2023
246
359
2744
2738
1090
3522
1327
640
1989
3335
3066
915
1428
2513
2821
3527
2117
2746
2213
1689
1314
1582
1305
2989
1719
3043
1405
1180
372
3144
2781
2101
3490
657
525
1284
2789
2649
286
3592
2134
3029
1696
2430
2252
170
552
982
806
1199
498
2926
463
3985
158
109
550
3688
2456
185
1200
3968
3441
1827
1873
3930
841
570
1957
1877
3002
2743
276
3511
1508
2032
2903
1930
2842
1086
2447
481
828
2352
60
24
509
264
1302
2256
507
931
1391
2498
1767
3843
406
3416
3418
3042
2334
1157
3143
1679
1036
2661
3952
2561
2949
3893
259
576
3213
3870
1366
686
1887
2687
926
3651
2026
2494
1737
1438
3225
501
1149
786
3229
1500
3561
931
2756
2075
3778
1966
3527
1712
3788
2806
1714
1832
1407
2852
371
1700
3963
3476
2206
1348
3584
2001
129
1718
3145
448
2757
1094
2986
713
1082
719
1651
993
589
1237
1756
2728
3573
2417
2274
951
3848
2092
3141
647
2347
206
3432
1877
1812
206
1101
1924
1587
3522
2929
3884
562
3284
3920
950
2392
632
661
2591
2851
1068
3225
1794
1981
3924
512
1540
1502
2379
1225
1770
3001
1875
3930
2659
2942
1868
238
3225
388
921
2408
1851
1252
3190
3839
307
991
3095
3844
1435
310
2264
2474
1039
1161
2757
3331
633
3484
3475
2937
1407
1759
2992
903
1532
683
3604
1261
2199
3541
2167
2948
2818
1791
1225
3167
3506
3049
516
3220
2515
2324
3033
2685
2712
825
2256
63
643
3506
748
3978
402
3347
2800
104
3529
2881
1373
2997
3777
3694
3070
1042
2852
480
2264
2981
2025
1521
3958
3447
1450
3791
2939
1970
1073
3279
2268
2102
67
1911
2750
3910
1033
1583
766
3861
1054
670
402
466
559
1917
3411
1687
69
1922
1828
3637
1485
2951
2575
2125
636
1330
989
170
1020
3444
2751
1697
3129
2959
759
3692
1817
191
805
547
2374
2217
2048
3096
2916
491
2679
1088
197
1663
3912
1983
3540
1890
3758
3573
2686
3977
2431
3786
69
3376
3931
1599
3450
1325
3896
3726
2164
598
3805
2625
3874
204
3038
1055
1043
1401
2193
1621
3483
1077
3138
663
1473
1957
1176
2580
1856
2942
448
754
1482
1461
3048
2504
3238
3346
3025
2932
2632
850
731
941
1328
3036
2362
374
2806
1493
1748
2197
1775
2244
1614
1162
1372
2686
2482
2083
3591
1707
3752
3111
767
3320
3828
2894
3558
2496
428
770
322
182
2636
891
347
3650
1326
2032
3952
3449
3713
1118
3276
2784
2479
3891
3099
650
375
231
1642
2522
1821
3822
3168
849
2461
1124
2271
2374
23
2820
513
1308
2990
2506
474
546
3533
1142
502
1760
1227
3829
558
740
3302
2577
160
3606
3280
2269
3706
1486
1452
593
3341
3574
3142
44
3178
2875
301
2186
3044
730
3963
3286
534
2487
2125
3652
3321
379
374
3842
420
2948
1981
2345
835
1578
1937
2959
918
3598
2423
2808
1275
2333
1248
2310
2725
3399
921
1675
1235
3675
1834
3826
1749
2899
2275
3683
3276
1251
3372
2931
2918
420
2896
2781
1885
998
1798
2434
1039
579
448
2853
603
791
2130
1532
3519
3049
1708
1092
1410
19
2133
2449
1211
141
982
2944
2221
2069
2034
1375
718
3228
1711
143
1058
2816
2627
1480
1183
3989
56
3320
3482
2353
3764
1654
3033
1251
2005
2580
2573
2072
1445
3618
1932
2536
524
1463
1081
1185
2659
1424
382
253
725
1709
1718
2244
3051
2805
3957
815
2964
2166
532
2287
2349
1168
2177
2514
3643
1905
3591
1309
1650
2916
1827
584
571
3039
2202
6
703
1574
835
663
1628
2860
938
2984
3900
1964
3491
203
2578
3442
1820
3322
2464
1024
2157
286
3895
692
2193
821
726
3843
1842
432
1805
723
3365
3255
2807
219
3463
3165
722
657
1268
2264
734
2300
1228
2060
42
2542
3819
3111
3579
1030
3396
1502
3247
3687
1360
121
285
2852
1809
1179
3829
2328
2450
307
1863
1491
1944
1878
1319
1962
3835
1371
43
2325
3972
2257
2805
2089
151
412
997
1672
5
446
447
3653
2599
2250
751
1210
1532
3828
3569
2301
3971
258
2341
3350
3837
3341
3977
3038
572
199
134
2554
1213
1503
3371
984
2134
3178
2312
3442
742
1300
1653
1458
1226
2002
2378
1127
711
1575
1607
123
2280
2429
1976
141
2528
1579
1245
669
2038
3119
3430
1729
292
2516
1611
391
2674
1086
3525
1989
3360
281
3407
1762
2285
1061
2523
2695
736
2061
371
2332
1274
3916
1766
1990
2563
53
1228
2791
74
3904
2658
363
1960
1212
745
2166
904
1533
663
1469
3916
1556
3545
454
1263
3322
659
693
1155
1028
3002
3799
3217
2169
661
295
3883
1706
1408
3231
304
572
2207
3955
1819
1936
384
1948
3061
3982
2535
2632
622
933
2826
3447
3495
1547
1832
415
3623
3096
1702
1783
2235
950
2683
2281
2760
2466
1323
2291
2428
1589
3136
3652
3173
1405
1288
56
206
1548
2905
22
817
3003
3363
1272
3105
2829
507
2839
2354
3978
11
1213
637
2982
56
3097
1524
1475
2537
1892
1598
1690
3504
2260
810
3432
704
1317
330
1528
609
3835
2402
805
284
109
3670
1126
92
3327
3720
3801
1926
1324
3654
458
1579
2154
3325
351
1752
152
3257
108
18
240
604
1709
3502
2041
2863
1156
584
1745
3374
2828
2844
905
2971
2069
3946
2949
2557
900
2830
2444
2706
77
3992
1120
174
3162
1607
2443
1133
323
245
1398
504
1809
3580
3855
3407
2889
1836
2335
1447
1921
3006
3158
3646
1690
2569
272
484
725
3121
3873
779
2410
2815
1253
2295
3605
231
2778
835
2192
3483
108
2674
1382
1843
1564
2289
259
795
3725
2251
2908
2511
2708
3233
1615
1574
2515
1527
446
3584
1739
517
70
3284
188
1770
3094
3222
3773
3492
1215
2449
2878
182
270
2225
3248
437
128
3363
2095
2283
2140
2692
2278
191
755
2715
3875
328
1998
2755
2755
1686
2475
3872
3161
1240
1689
291
3840
1479
2898
1586
1107
3227
2789
593
3999
561
272
3217
1974
837
827
2191
1364
933
999
2842
1067
2677
1614
2468
2953
2870
1707
1671
30
2077
227
3159
3047
684
3273
1655
2686
190
2535
3921
417
2999
851
2341
1149
2115
333
949
1101
3795
3905
974
3461
171
3848
3483
3002
1667
2489
3481
3848
156
3903
3158
1043
1664
831
2617
2032
1531
2660
1937
224
3857
2625
3674
1852
1159
1296
728
553
3880
2056
3389
3701
154
3339
3753
299
3163
3414
352
3232
1740
2578
2083
2294
3347
2634
94
1981
2392
1919
220
854
1020
3914
383
2982
1091
1341
3768
3
239
1067
3667
3605
1166
1241
603
2964
3194
1517
2421
2711
3050
1155
3927
461
1512
1904
1910
201
3390
325
2234
1742
1509
2068
446
2186
607
3892
3496
481
3371
698
3149
3337
179
3153
3845
3376
2684
3621
559
3653
2379
630
523
3235
881
2901
17
3217
3344
977
3050
2513
3925
632
1301
1041
2805
1750
553
766
1916
1201
3291
100
937
3253
2514
951
2414
1440
961
1551
2211
1014
1033
428
2143
1050
1854
917
3349
188
1701
1605
1679
2193
1895
91
1263
2469
3968
3324
2295
3586
1644
463
350
776
3798
1565
1399
1505
3682
3904
612
2583
3960
1038
1699
563
645
3111
1049
1742
1801
788
2833
3297
318
3060
3931
3670
1150
1357
1378
2238
1788
3125
2316
3089
1565
3222
770
786
268
2325
2691
2919
181
1093
741
3674
3071
3516
909
2103
2565
2742
2411
3430
2471
3551
2352
1155
854
2142
2439
2075
269
2124
382
3278
1304
354
3128
2917
3823
2279
1871
153
659
2912
817
620
1972
3075
3769
1127
1196
2817
3212
3811
3819
3806
2186
397
1897
2990
3365
2303
1074
2578
1829
2807
2103
1806
1858
3282
3137
581
2185
3701
483
3088
3329
3751
652
989
599
1190
1899
822
380
967
3278
3474
3179
2267
2054
2244
3610
3735
344
2020
895
3258
1326
6
3096
1426
1689
2182
3038
2099
3667
2193
3400
1836
3954
2861
2207
403
307
2865
2058
2764
3489
1152
3810
1569
3049
706
1608
2098
2973
1692
1744
3293
2610
2619
3722
214
208
3034
2665
608
628
3741
1218
2048
2410
3425
2334
1771
2143
1056
3898
488
965
2914
602
2360
3124
2857
2712
2932
3394
3808
3588
1771
1891
1713
3590
580
2336
399
2982
2376
546
2956
3499
3384
2601
117
1764
2229
3849
2121
1127
905
1977
2155
2703
3349
135
369
1344
565
3965
1307
1839
2548
3612
658
792
3914
2061
159
1265
3352
81
2995
2361
3443
423
897
2431
2056
3126
2226
3051
3951
1693
1861
785
1315
1187
612
1388
102
3008
2584
3195
815
1171
685
3488
3489
3540
55
3492
915
3444
2574
3261
1068
2894
1623
1325
3551
2733
1530
3844
615
1382
1311
1772
1481
811
334
68
3690
2105
2390
1983
3828
1445
2918
527
3323
2194
906
87
3630
3439
1533
943
2178
676
2485
2380
82
3017
902
2330
2206
396
3327
3785
1087
3441
529
3684
2518
531
861
1317
3945
797
2382
3770
2734
1639
2099
1040
1389
1520
1972
980
1533
46
996
3670
1634
1263
2004
1437
2993
207
2763
702
177
244
3608
1948
1610
3090
3671
2246
806
485
2749
3207
2326
3539
711
3620
2401
1137
955
480
2273
2622
2010
2209
3508
2901
1667
2479
647
3343
526
562
125
1549
2665
2439
51
1485
1578
1083
3808
1556
243
1294
526
2957
2909
706
1194
1709
3982
3749
2241
3003
217
2305
2665
1996
2863
1514
221
990
1751
1166
3558
548
616
143
2961
1358
3905
2178
2042
3794
745
2011
1268
3567
951
1042
1019
1864
722
2578
3908
3245
2439
2873
1039
153
831
494
3804
2796
1353
1115
479
3268
3600
109
3249
1761
1256
3289
3000
41
2078
3436
1176
3320
3932
3781
518
3240
66
1713
3639
3388
935
387
3039
352
3375
3783
3934
469
291
1540
1795
447
233
2416
3328
939
1577
2899
3318
3765
1946
2659
2895
960
3987
671
2851
2007
939
980
1042
1382
3334
3714
1518
251
3160
891
3937
1459
2259
2204
3068
1936
2311
3708
3782
3125
1644
1981
1379
1675
2750
1637
947
3897
18
1134
123
2280
3088
1879
129
2424
3071
3938
3450
2975
432
3239
3297
2998
125
924
2029
2508
974
2469
3517
2627
22
3494
1074
2145
1341
795
2828
1034
663
2798
1168
3374
30
459
1865
1489
3838
3457
944
1790
2478
1809
1788
3908
2445
1383
2772
694
2007
427
1149
163
2914
3340
3365
2371
1000
1720
1094
3806
3145
379
1166
2853
3523
1741
2245
2456
702
2191
2929
3571
2510
2022
3234
1378
2667
2504
3662
2305
2001
419
793
3552
3177
3432
3948
2192
2190
740
3368
3682
707
2783
201
3991
934
933
3749
1597
1616
751
1075
19
3727
2938
2193
2898
3028
2431
2630
2933
3203
450
3787
3456
3842
2822
3504
890
673
2210
1004
1680
2685
1470
3511
632
2235
635
399
352
3570
2875
2470
3280
1183
1644
2604
417
2997
358
2310
1536
1523
1729
151
1053
3406
2039
3345
2142
3560
2516
1970
816
316
2321
2777
2822
1197
945
2234
67
1121
1026
3840
1309
3424
1269
3614
661
3806
1501
85
474
3992
1699
1766
3491
2979
2249
3285
1585
3958
2925
696
3798
1258
2171
965
2823
793
858
1009
1479
3195
2016
1027
367
3495
1707
2143
3633
2737
3923
2967
2857
1870
1983
2579
3970
3980
2121
3505
936
1901
3685
1883
2266
1675
525
1387
811
827
600
1786
1260
1241
230
277
1225
3951
2802
3868
1377
1472
3865
3070
2410
283
1730
2339
52
729
542
2806
2547
1139
3190
1212
1544
1728
34
988
3249
3493
3669
3666
3306
2907
852
3815
838
1236
3511
3109
14
3320
1203
2256
3072
3068
532
2762
2694
3809
3488
2415
1048
3174
575
239
2804
3319
3083
3975
2515
1114
3018
806
3275
3993
1687
3713
1551
3769
837
0
3895
3326
2249
3727
713
2688
2305
2977
2758
3396
1310
278
2673
2854
1442
604
2642
2085
1264
3342
799
3836
3771
2298
3083
3320
2564
3935
3501
2837
1241
259
1507
1008
516
2157
3070
1271
1821
3428
914
3311
1202
2009
545
2467
454
3154
1708
1314
1106
1230
758
3194
413
1386
2835
2896
2094
2254
615
872
1058
3168
2875
1690
272
1632
3442
2012
3343
1986
1369
95
3964
3251
2376
1340
3446
3389
1865
1344
2581
2612
1473
3336
3579
1728
3925
2520
2282
3247
730
668
72
2519
3538
3621
3181
2953
553
1435
1176
1880
252
1441
1916
1463
2507
1167
3707
2862
766
1901
1955
2423
1075
727
3465
3973
830
34
2904
2773
1938
1517
3883
186
2885
2570
3191
3600
2587
530
495
316
3403
2953
2517
360
3466
2584
785
1009
453
798
2646
2737
2038
2537
2185
3645
1207
419
2371
519
2808
747
1590
567
251
2131
2830
956
1022
2012
2116
334
2358
3424
962
417
841
3751
66
1387
929
1864
2889
3008
981
649
48
284
3702
174
3669
1592
1868
3691
1463
2163
2755
1980
1733
2536
1860
3515
3347
2876
3619
98
997
13
3703
1111
3924
3075
579
3915
782
766
386
3285
1890
3907
2443
3286
2046
2381
1175
2810
3903
330
2572
1459
1062
3469
1479
2614
954
1094
472
1994
1354
1608
3611
2119
744
1458
2605
1659
3819
3822
2517
1179
2631
917
3828
837
2846
3513
1733
573
3248
1862
3221
2692
556
1745
765
2259
1374
1331
1879
2855
2143
103
2800
1589
2998
1583
2759
3645
2701
2577
1716
2279
1532
258
3160
2208
3746
402
3634
238
1660
1910
462
1229
1177
972
1780
2599
2520
2521
2356
3076
2948
1521
1884
1247
1077
2285
3014
1042
2919
2142
229
1904
1479
89
1658
400
667
2652
2137
1580
685
2146
3522
2035
1619
377
2430
2209
2717
1446
1323
2349
310
3025
2485
3666
3811
2463
2430
1716
1416
1974
3367
2619
118
1123
1423
1040
888
565
476
546
1663
1412
300
1285
1617
924
714
3290
1645
3799
1369
2337
3157
227
3939
2973
2903
2003
1714
2272
2775
2255
1279
603
3632
3830
3890
597
217
2284
987
3029
1278
3392
2998
1408
295
1527
1739
295
2763
3726
2629
804
2912
2218
3905
3010
2862
788
2295
233
2504
2771
2860
3859
2475
942
174
2840
2120
2385
2374
276
1151
2107
2078
786
694
3489
772
1535
1531
3444
1109
2464
668
7
1022
1167
166
335
1397
1800
1602
280
1866
2915
1037
593
1626
3579
3608
1073
1425
110
2008
2136
649
3924
3706
2300
2362
1478
3789
891
2775
1260
2999
448
1782
1036
3213
107
2153
134
194
2068
1275
1707
3019
1993
750
488
3959
3058
780
2959
1666
897
2543
3828
1032
929
2068
517
944
905
1008
420
419
1910
876
219
1409
595
3718
1536
333
640
3760
1469
3499
3308
1350
2608
3213
3259
3911
508
2890
3892
1439
817
3456
1211
352
670
3780
3293
2735
3763
3492
3179
1790
3758
3501
2895
1171
811
2689
2294
2207
471
1506
1549
821
3303
125
947
3387
96
2434
789
340
3175
582
1037
2313
1022
2703
2637
1893
1451
2592
1797
374
105
3167
1128
3265
3991
656
737
1604
2905
1962
1657
2602
2009
3679
2701
3507
3486
60
177
1295
877
768
2236
1460
3397
911
2539
3103
837
890
3871
3961
1975
2734
1758
1550
1732
3468
3718
1914
970
1459
1112
2910
1099
3792
3102
2186
1771
3116
443
3169
1553
3929
476
1908
3191
1103
3666
2209
772
3896
3287
1540
3140
2430
139
915
3834
3215
248
643
748
254
1641
1507
613
1290
3228
3887
3083
740
3205
2905
2379
1443
3463
2935
568
3754
848
406
2861
250
1885
1067
993
2592
985
2670
2810
2526
2696
1858
3535
3727
2297
497
3078
2413
1644
2768
2241
1546
2098
137
2937
1618
1210
1441
2594
1782
3925
1366
174
2143
2700
2031
3480
2925
2599
2429
2997
938
2091
2892
386
1938
1642
2125
3174
2862
2890
2363
3159
735
1634
2118
1051
1229
290
811
2713
3920
1376
2622
1508
2892
2180
518
271
2744
3535
896
2493
1392
2182
3869
665
755
3766
1944
1434
2073
2004
1407
2908
3692
1154
403
321
1611
3254
2383
2430
1279
733
550
3277
938
2966
2915
3471
705
108
2842
3957
440
123
1332
2313
2270
1438
87
1220
1900
738
118
1752
524
1297
3615
2785
1805
1217
2599
1164
298
2199
3077
2949
947
509
976
2642
2028
197
2918
2998
520
2834
909
2570
557
1395
1307
1736
1163
1164
3740
1140
2058
585
2474
1952
1269
1319
2053
491
2484
2340
3892
2018
997
985
255
1688
881
1999
3919
645
918
3637
113
632
1548
550
233
1968
3480
1178
2208
24
228
2647
866
554
1432
1161
3907
1884
1063
3629
665
1896
3321
1064
2933
390
3723
2933
1664
788
1653
1083
2177
3684
2433
239
2767
518
3488
2904
3232
321
3124
2838
2107
837
1464
2926
2874
2190
2079
2918
2779
580
583
1087
3961
2097
1816
22
278
374
2104
1402
1562
1312
2158
3175
833
722
2801
3211
119
2069
2130
72
1868
3881
3767
2161
2952
3198
1460
3006
2946
2157
193
2697
3383
3462
2875
409
46
2034
3276
115
768
3450
3302
614
2174
3702
1173
525
3369
3170
2210
1275
3044
3611
2059
392
1482
616
3717
503
3245
1837
3797
3218
531
1564
2285
1777
3241
736
251
2417
3600
2383
2617
804
462
2072
1512
3372
3680
2582
683
2108
1271
2153
2765
437
1125
1285
2300
3550
1623
525
1328
2070
1896
1124
2194
1876
2375
2256
2971
577
790
2656
3682
175
1110
1748
985
60
2002
166
1220
1240
2786
281
1241
1251
3958
3070
3808
3468
240
410
876
3929
463
3353
1310
1673
616
2378
2055
1210
532
2526
2382
1649
2905
2831
1510
70
392
344
3899
2382
49
3056
714
1210
853
793
742
1029
2007
486
804
3460
3188
2827
693
3632
2058
1170
1377
3775
2168
2790
2727
3899
3086
2401
2891
3385
2922
696
3453
686
1744
3290
1955
1793
2759
2838
1473
2831
1576
3573
2747
2208
2375
3620
1544
3542
2816
743
1749
1562
2604
805
1672
2508
3997
3701
802
982
1540
1083
333
1478
985
1800
3625
1088
373
1552
2230
154
3707
781
2427
1387
3618
3691
3585
1492
2540
458
1549
1145
1144
1254
3887
2089
2727
2715
190
2132
1045
3928
1498
1730
1942
3511
1050
1692
3817
2738
1984
613
582
74
1965
1018
580
190
200
3215
3994
651
451
3754
2973
2064
1896
1060
1034
224
3717
1324
1062
3484
1203
3119
25
1991
2985
2946
3328
3371
692
449
1708
714
121
3110
12
3871
3546
3854
3406
3762
2630
2891
1384
2745
270
1560
1791
1908
1335
3977
1899
2796
3367
311
3802
1950
1335
1470
1182
1541
3172
2421
320
1228
3790
2605
1334
2677
2354
3614
3166
3403
1914
2771
631
2761
2673
3503
836
631
382
3057
1738
2570
639
970
3689
1217
1759
3694
2741
3997
1520
2460
2554
1480
33
2781
1540
3234
3125
967
2486
2905
873
3572
2725
2442
2456
177
1744
648
3386
2202
2160
1474
821
2141
1478
643
1350
3624
3529
3361
1030
1204
3751
3419
1988
2912
1440
2831
1290
3650
3698
2283
2016
3819
1329
1895
2007
2329
3875
3054
595
1637
3669
3984
2346
691
260
3576
132
82
1002
468
3938
788
1059
1639
2451
3234
2894
3108
3175
3921
1559
3665
1435
2825
2227
238
2086
1141
1769
124
223
3421
3013
1311
778
2264
600
2883
3142
1787
3263
1443
1942
109
2537
2135
3472
1145
3832
769
3301
780
2205
1129
3275
2317
592
1935
1604
1805
1254
1202
1383
959
3089
3716
562
1062
3050
1018
3767
1012
3212
706
2973
1334
331
2645
2633
2872
2404
712
3331
2554
3618
3127
3466
1209
2081
3169
1254
997
3320
1640
38
248
1274
2689
3641
3693
244
423
1545
2449
3643
1273
3517
1702
1760
3999
1315
3349
2080
1926
3650
3217
3974
2091
3977
2320
2285
2976
182
2704
3268
123
357
1683
2014
3862
2229
2536
514
2061
1097
1865
87
2023
1561
1672
640
1353
2074
3358
308
275
2125
3879
2398
3874
2691
2194
1820
900
3886
920
318
0
1523
2508
383
3646
2564
3127
2139
606
1153
484
288
2822
965
2303
1365
2997
1978
413
2699
3507
2097
2009
1352
1875
874
3372
963
1950
949
3372
3499
3147
3267
1611
3511
2758
453
2602
2961
926
2090
1911
2212
1689
1398
2786
2583
2089
3411
235
842
609
420
1310
889
2202
792
3097
3175
2718
1984
2869
274
1659
1128
776
614
3099
2211
3699
3347
1802
1284
2021
2711
3887
100
2388
3062
3760
2074
1447
2240
427
3462
633
2825
2122
3098
438
2990
2675
127
1741
2073
1215
679
2713
2568
2283
3218
2613
3477
2988
1759
2611
1553
843
2716
3118
426
3263
3517
2222
1091
3652
272
2723
3462
2709
687
3328
2450
398
1400
2551
3909
942
3594
824
1507
3906
529
3042
532
3993
2536
1119
2914
1750
2708
179
2528
782
105
1770
3314
99
2780
3195
2537
710
3417
1092
1635
861
2695
2408
1703
3487
3783
1437
3784
2744
849
1317
3017
2459
879
2772
3555
750
1819
1426
2668
895
3756
1616
139
2210
2438
1283
3623
3812
2044
2081
399
3659
1206
65
1111
545
3724
398
3948
3517
3865
2887
2861
2809
2369
988
2730
1668
727
360
1913
2836
2415
3491
1056
1971
585
1664
1156
1791
3280
449
1396
2257
2613
3990
3821
1650
678
1623
1589
2815
3046
3649
129
780
1687
574
9
3446
1147
1323
3693
1290
1635
3487
1633
2851
1050
2417
1842
2178
374
3649
3048
1848
2189
3067
23
3195
3280
790
2981
3920
364
1509
2832
3134
3099
957
3876
3524
3585
3870
2669
1786
1858
1148
3247
423
865
2935
2504
434
3059
982
3214
2088
798
3647
53
3153
624
1011
1698
99
3929
1110
3298
718
2042
1614
1783
2553
216
641
433
3446
762
589
630
2943
703
2694
3322
1170
2743
3797
3827
3250
489
1189
2019
3805
3689
3090
1940
1529
1248
3610
981
214
628
1737
2643
1838
2229
2914
2016
1424
3942
954
3947
2163
2293
3925
3398
2684
1570
2432
3627
1198
2928
48
73
2634
3832
1944
1845
3137
1424
3620
2274
2160
1336
571
2905
1773
2697
1261
2270
2945
128
712
1217
607
844
302
3894
557
2996
1210
871
1712
807
3762
2284
1509
1051
480
2089
1858
3018
3823
3872
2162
1467
3946
1019
131
3440
2722
403
1401
1092
1318
3791
205
2597
2412
1087
3005
1798
2522
2411
193
3997
1438
2067
30
3722
627
2783
332
346
624
3971
1843
2128
1099
1305
3723
1238
2109
3246
2153
2396
932
3460
1244
1894
356
1000
2942
1285
3187
3154
1047
3497
2722
2855
1576
916
2163
698
177
1300
409
1198
2257
1258
2076
2904
1605
964
41
1598
1959
460
1716
3861
3466
1653
1588
3519
2586
3915
2492
3438
2945
1836
454
2316
271
2326
1072
3453
3914
2801
2281
834
105
73
255
2634
3753
3621
3131
41
1792
3885
3685
2206
1387
3265
1143
3355
3056
2208
945
3459
23
2788
2210
2985
1112
1821
2472
2108
2518
1974
1848
1692
1497
2840
3289
266
1009
3864
2694
2710
3616
528
569
1817
1054
82
3319
189
2396
3411
2781
1500
2186
2133
1118
1339
2382
2957
2781
741
3148
2483
2963
2117
789
85
3711
1300
3420
1160
3389
586
546
3448
3883
2758
276
3827
3701
3263
1725
2506
496
873
2709
3264
2156
1599
3246
1823
2277
329
2239
2401
2352
2334
1124
2237
1056
607
1563
1653
2983
1372
3520
2390
1248
3788
431
3016
1948
675
682
616
538
2825
3012
3585
1177
964
672
2476
3988
3091
2475
3939
1259
3816
606
3369
3474
2489
2378
2278
3005
42
2364
604
1691
1050
1062
2161
1981
3300
1942
3360
3082
1852
2907
3315
3470
345
3592
729
3524
1689
148
3957
2657
3855
296
2801
3675
2335
2425
1581
467
1018
1838
2074
592
553
1985
2303
1095
3337
3802
3537
2992
2981
3015
125
3723
2921
2288
516
1291
1649
3433
1692
2464
2679
3952
37
246
825
1666
2784
1766
2222
3457
2295
3548
950
180
363
2889
3805
122
1658
1333
3031
683
172
3452
235
3338
312
347
630
884
1647
2076
147
2306
1384
2224
1088
3020
3979
2444
3058
2023
3274
2979
2470
2134
822
2901
198
3992
3762
472
252
3035
2561
1888
2120
2794
2141
3113
611
2046
1444
2085
1284
3839
3018
2543
1796
1177
597
527
2855
3542
265
3479
300
2765
2588
760
3959
2467
2966
1206
3319
738
3443
3706
1763
3975
2390
634
1086
603
244
1222
2158
3430
2513
2870
2001
1348
1032
3740
3976
1449
2381
2375
915
3777
793
303
3062
3158
1375
2895
900
2772
3676
1986
3843
99
2977
1171
363
80
2471
1115
96
1464
954
2040
3280
127
2944
3580
1519
3987
1991
2743
199
3395
1157
1171
3858
2909
2101
1445
886
3958
2443
277
2038
550
2834
2677
3744
3570
3417
2811
3443
857
379
3820
619
3521
1855
986
1862
64
3786
2885
49
425
2471
2753
922
2660
2090
2981
1702
74
1522
3676
2276
2284
814
2352
3790
102
2104
200
2521
391
3246
1876
2009
203
1376
3471
1332
2675
1524
2873
3126
699
2539
2801
862
1122
593
1094
750
2373
1185
891
2191
368
2607
3085
2456
1568
473
1896
335
1326
2650
2191
1062
877
900
2001
3064
3083
1981
1883
2206
1043
3819
19
3135
3871
3460
3122
262
1285
3723
3208
220
1072
1815
2068
335
3848
814
304
2137
1733
464
1177
2579
2703
532
2836
3049
2088
1899
1387
737
2469
2279
3253
2630
1313
1449
2219
1717
3494
72
1408
2595
1477
1681
936
2025
2486
91
2880
1458
467
3605
3205
2606
732
3763
3487
432
468
427
68
2687
877
2503
127
2052
904
1226
1730
718
2909
2771
2317
3388
3860
545
2476
3820
347
249
2031
3688
3596
2809
173
3896
382
1723
3405
578
25
3930
2893
1965
3222
3935
3378
277
1029
2610
807
343
2484
2112
3714
4
3123
2900
2837
168
154
3012
1282
439
2506
2491
1971
510
113
3995
2302
704
897
1781
3625
2682
1840
2919
621
62
1606
298
3390
2961
849
477
2100
645
109
631
98
2692
3768
2431
3388
551
2527
534
877
972
3713
10
610
1968
2515
605
1278
2896
896
2726
579
697
559
3289
1431
1919
3757
2123
541
2258
1946
2503
3208
1504
3337
2256
1622
2205
432
2232
616
218
1667
2903
1519
2052
2051
2179
526
1304
1762
3253
2654
2417
3405
99
1942
2166
2044
3997
3910
1624
1538
1620
834
2193
3478
1904
2352
3047
2942
1467
308
2312
3490
352
2124
2473
2486
627
2150
221
438
3267
3650
2472
1171
2126
2777
2930
1768
1010
2736
839
3928
1006
674
1639
2817
2359
3990
35
3274
189
1239
1742
1648
2089
3416
396
2578
3379
1437
3177
3275
2130
2563
684
9
2516
3547
3461
1205
1720
659
2615
1426
3780
141
1026
3715
6
48
1661
3118
389
899
1118
2226
2128
143
2884
3606
2157
787
2632
1743
242
899
2428
3110
848
346
2755
3960
1484
2733
3006
1868
3674
3272
893
3195
1609
2754
100
1944
500
3708
1375
278
2139
2762
3517
2708
403
3197
1269
1833
2523
1204
1754
3910
3654
523
1797
960
43
1568
242
2603
1949
3723
444
1552
3523
3164
2539
727
2333
3409
1012
751
3574
719
723
958
550
837
3544
2020
1180
2916
886
1238
141
2022
1567
3966
3190
2084
3304
1933
1050
604
808
1002
30
2256
2922
1466
1951
843
1478
69
2432
1286
3970
999
236
2723
1048
1908
1338
136
3494
1406
2279
975
2711
894
3819
1226
1588
1260
1105
3233
3484
2053
1854
2977
3174
3670
1474
2458
3021
2359
680
1959
454
3849
1769
3321
1085
1300
3222
16
2434
2336
1077
3666
1354
1858
1991
3617
1174
854
407
1687
1065
2506
1905
1588
2000
2815
2054
1502
157
2163
1721
3336
2956
2107
1676
3071
381
1707
3768
1344
2216
2041
3287
3649
299
912
379
1421
3195
2062
1841
2135
3451
3658
3301
3255
2796
393
2657
766
3732
20
3996
116
505
1481
2683
2359
3660
1792
3475
2083
3161
628
2038
3802
1169
2449
1240
989
594
3075
840
2247
2261
1468
1894
1421
266
1911
1985
2915
3180
1521
1496
1780
793
203
1361
1531
719
3298
851
3466
2233
2299
825
3422
3707
3296
3751
467
721
3837
1632
2077
760
2627
487
528
2767
2574
1571
2305
1860
538
1390
3786
2812
579
3079
2488
1803
3427
1352
1070
3897
220
152
3858
942
2546
2981
3696
3244
1663
3599
10
3032
1881
3339
711
1492
337
2471
2463
1414
1430
442
3015
2911
1878
3836
3940
3237
337
519
13
1036
1218
3508
3515
2754
350
3992
2191
409
2415
574
3524
3875
1491
3319
2761
3716
2348
3797
687
264
97
1239
3060
1592
1253
2684
3968
271
1858
2238
331
3167
1216
263
3874
1857
3420
3923
2005
3079
3561
1784
852
3258
2071
2283
2851
725
2390
585
481
939
2917
1811
102
2400
1019
763
61
3067
249
3031
1675
1114
1208
1330
997
849
2107
2143
3005
3938
1332
3580
1098
171
3314
3626
3006
2939
600
2941
2179
1296
3800
905
556
521
3317
3350
2790
428
2728
1934
380
759
2045
329
1029
557
3530
1111
2602
2834
1394
3014
391
1668
2238
2509
1507
918
857
2563
3271
680
3771
1204
3507
3312
2556
2449
3121
1378
3545
3177
3800
500
67
2336
1866
3107
3153
1882
2259
3933
759
601
151
784
3575
1876
3426
3608
636
3519
1087
2025
1493
3009
2430
975
1256
3697
3600
3926
2297
1269
3250
2028
1521
3228
3597
455
1632
226
889
1633
1730
1290
3455
3631
1041
316
2393
3186
1299
3788
1883
2463
3053
540
1593
3381
1898
821
1752
3818
1377
318
1538
3395
3583
1722
3827
2952
3368
903
3308
3478
516
2893
1950
633
3306
3621
1699
446
2370
1809
3391
2713
2801
2333
994
1977
2382
3193
2941
3107
586
1840
2838
877
3760
2629
1409
1460
3971
1192
2346
368
2298
1767
733
1467
2321
565
1691
3476
2866
420
535
252
2026
3746
3937
2634
2465
3178
215
746
2263
3976
3688
2879
2365
3547
1437
2652
2403
844
92
2238
3790
2177
2568
2096
1238
2142
2274
2623
571
773
2429
3066
1467
3442
636
508
946
2776
3269
2185
738
3569
705
395
1032
1446
1738
215
3766
1937
2794
2441
1644
2696
2281
1826
1800
2128
998
3941
2386
1581
797
17
508
3120
634
3170
619
1605
3644
3902
1155
256
817
2172
52
2531
2390
123
275
2251
2697
3511
532
2287
2152
1980
699
734
1652
3755
3193
504
1645
2377
960
2020
3621
3773
1138
2715
538
1799
3033
3326
106
2714
397
2011
2181
2713
1337
2389
3195
3703
1267
1582
2598
651
1807
2386
740
1313
496
412
2342
1289
3621
2721
855
2363
2623
2896
3370
573
2307
2654
2361
1955
1041
3572
2717
2456
119
2580
1774
658
1686
218
1035
1852
3020
904
130
2561
2376
1202
2674
390
612
1514
592
3182
3966
2797
3283
3029
3427
2839
3705
282
3620
1679
395
262
531
1200
1723
1765
2434
1288
278
2438
146
792
3183
1285
2407
774
3901
3902
3352
1282
2487
544
348
3582
2903
620
3302
2592
2993
1171
1793
963
2178
1534
2626
1400
1739
190
552
2573
3061
2495
156
1717
3124
2195
3465
781
215
3165
46
500
730
3954
2301
472
608
759
3192
3581
1121
50
626
2233
3527
3483
2081
2551
2149
3860
3592
737
113
457
2115
1463
851
2096
2112
2048
3942
2464
1756
3328
3089
1789
2605
1510
2240
604
2505
3860
3649
2111
1014
3435
3024
191
3866
3939
957
59
1474
1001
1122
3754
86
1204
975
1601
27
1035
1197
515
2716
3206
1777
1839
2952
1936
202
3086
509
3730
1841
1434
3762
1075
3586
3290
910
1587
3972
3182
1899
719
3371
2675
1258
3027
1714
2217
3457
1963
2105
357
2805
401
1642
3311
2025
577
922
3830
1931
1204
2612
3042
2673
2215
3735
1161
1686
3886
2568
2416
1882
1070
2606
3749
363
2795
905
1126
1542
260
1739
473
3961
518
3566
1152
310
3909
1893
1282
802
1948
1516
523
1544
1839
1640
3837
1323
3607
212
1696
1102
3459
279
503
3383
3694
3675
3937
2860
1364
230
2029
3709
2713
3537
1888
1787
3198
3634
3905
3091
2053
923
73
2100
2293
3330
2366
5
3089
3178
2347
2087
158
2420
1261
2673
2995
2511
1725
2058
2103
3506
3422
2490
512
735
3587
1491
3018
1593
2735
2110
138
2934
1380
3638
3061
2913
1911
1680
3348
689
1151
1409
530
2383
656
1976
1579
3680
2831
3793
3503
2637
3309
1005
1240
3121
2751
664
1583
2160
2766
643
1918
976
117
454
1915
2189
588
3741
1066
3143
3973
3567
411
2171
3294
157
2072
1955
1764
3319
537
2889
1026
490
2865
1610
403
361
1238
1634
1551
2480
1417
3287
2196
2764
2878
3015
2832
1271
405
3782
252
418
2873
2782
2814
666
3714
2357
218
2449
554
3244
210
959
1361
3276
3022
3629
987
597
3195
3388
3256
2871
2563
2972
3570
535
2826
1725
2218
535
3883
1119
2629
2313
1842
394
498
913
3683
3127
3920
2801
3745
553
2589
1799
2265
579
2347
69
3821
940
3285
1015
2444
782
280
1027
1876
2800
3848
2976
1432
2864
60
3745
2393
3839
1120
1389
869
1091
1801
2794
951
2730
3701
3234
3363
2860
3851
2564
1413
3994
252
1238
423
538
726
1567
808
3372
867
643
989
1997
3520
2526
3808
3347
3890
173
1081
336
3746
171
3891
729
2839
1836
3712
2568
3104
2308
705
3082
3385
825
643
1730
214
3536
1480
3922
1584
3119
2941
745
3822
1149
1494
342
2385
3091
1289
1672
3215
2753
1058
3051
148
1979
1590
3445
2875
145
2170
551
1031
2257
3492
3376
1131
1377
2764
726
462
1365
2994
3235
2338
2991
2354
2557
3674
1839
2971
1151
3250
3091
1342
779
73
1002
2337
2867
3965
1071
3576
449
278
167
711
3437
1527
1893
2352
1816
2632
2466
101
1706
391
1163
2366
1245
2467
1674
2535
1637
3688
380
1659
1763
2276
2280
2182
1812
2159
884
3621
1484
194
1687
30
1142
3161
3818
685
1868
2498
627
1363
1026
377
2639
3962
1056
3046
3115
1888
3541
3711
1902
2705
2680
3775
3622
1316
3479
2601
2662
1445
1041
1229
1874
1067
2170
2858
1400
298
2681
1749
3299
3660
3497
453
2543
1709
1067
69
104
359
3188
1740
3366
56
3811
2694
3508
2516
1467
2196
3619
702
175
3701
3720
765
3867
2915
131
1974
1449
2944
56
1507
3360
3825
2611
392
2434
310
1107
3735
1318
132
1297
549
2987
2063
1901
3757
2137
2652
3977
2984
535
307
2414
1821
1970
2066
3311
3513
1531
1480
2186
2243
1574
628
3397
1819
2306
2769
1974
3719
2417
202
429
2074
3452
3586
3355
2396
3192
3640
1506
2540
255
3269
2588
3421
1775
1642
3855
557
317
468
2848
664
666
2445
2272
1282
2848
523
2061
830
670
1003
3463
1766
3064
251
662
1576
171
3941
1473
1806
2211
3348
1843
2517
647
2300
181
1326
3812
1941
393
2429
2230
742
3754
3760
1207
3094
501
3918
766
176
93
3562
2922
3999
2209
3475
2683
3916
2220
2657
514
216
3091
1560
343
1600
265
3524
1115
1737
2619
58
3900
1189
922
115
3181
2764
2890
2807
2690
609
3548
2143
3068
2128
1289
3289
375
1018
1869
2217
3568
3276
2192
1185
911
472
1655
3341
399
1739
3593
1654
2013
958
685
1725
2403
3204
1491
3359
3212
2304
3992
2606
206
1803
2278
409
213
3587
1987
3826
144
3737
252
1573
2045
1617
1728
3172
367
213
2097
339
702
693
739
3393
563
3591
1185
1066
2767
236
2915
1146
440
2311
654
2399
460
3639
1794
1828
892
847
3858
867
2283
3587
3888
3754
2181
1689
1017
3757
2874
3240
1680
1821
373
3721
952
2289
3639
2831
3950
3909
2987
869
657
2820
416
252
2803
3418
786
1153
1594
660
3901
3685
3952
2208
2445
3906
2347
1100
2094
731
1971
1188
3772
56
3764
665
2782
2772
1947
684
1462
1484
3625
2452
3002
2933
1978
2646
745
1474
369
464
2563
166
1772
2466
52
2198
3306
2448
2437
1266
3261
2451
302
1421
341
2388
658
3442
2229
3848
784
2211
1529
603
2265
1921
2429
3268
2742
3563
1672
1666
2585
367
1511
1610
2659
1157
2403
3588
3649
2941
1155
2897
2617
1990
1927
1598
2833
2694
757
3980
1175
2624
1928
933
1913
546
2637
607
2811
340
3643
1700
2010
493
2781
3401
26
3449
3024
3479
3821
67
2375
1927
1649
2610
1384
629
1379
2990
1044
3420
595
3027
3539
3653
1081
2061
2968
3825
1097
2439
1541
2491
3385
2092
2338
996
3004
2844
2134
1363
2201
2550
3863
1288
219
2067
3699
1961
2620
3607
2122
1491
3351
997
1253
2456
3305
3514
1786
1302
2222
398
951
71
569
3659
3844
2723
652
3948
816
170
2825
1746
3942
851
3935
2603
2610
3781
2513
61
504
2132
3426
980
947
963
2985
1690
2821
1442
2077
1492
2596
2327
3444
2340
1457
2523
2659
2328
2832
3234
2659
2229
1048
1172
1736
1005
811
1233
1859
1068
1906
2950
2482
3137
429
3332
260
1259
3203
1203
1178
2497
2721
948
3801
3759
3605
2786
417
3768
3667
1027
1351
3476
3240
2347
114
2836
3070
2964
3772
3460
489
2182
3345
1557
2149
1404
3767
176
3762
3690
2115
3228
2265
1151
1485
3863
25
1292
2161
1824
3337
1615
951
3650
1063
3849
1617
1288
2484
1448
3993
9
1337
2625
2044
1734
3056
3352
1164
2446
710
3998
1420
2179
736
2180
986
3269
1944
1677
3843
55
824
1771
1370
1179
2280
3023
2469
1849
381
1288
484
575
725
3778
2478
3713
1457
2944
1516
3224
701
315
3507
1647
490
2899
1614
676
290
2943
2538
374
135
798
3556
3602
251
2425
640
3393
1314
960
2331
3856
932
1241
931
1708
915
2758
2907
340
1110
913
2823
2351
1460
3310
3097
700
2992
2887
920
2857
2966
832
984
2180
2001
3058
2605
2149
295
233
3155
2592
2172
2320
1434
1408
1595
917
2998
698
2303
755
23
3336
3216
1800
3896
723
1174
2620
388
658
1112
688
875
1476
3754
458
1278
2214
1932
1067
3296
493
2919
1073
2471
296
420
3511
1798
2704
3937
1187
189
1734
1646
3041
2746
1406
2459
3391
1166
1948
3133
1528
2646
3407
3333
970
3831
3187
2190
3746
3509
2878
145
2006
1861
3668
36
2939
672
1272
1361
191
171
797
1350
2221
1628
843
126
2349
679
2162
1100
1196
2085
1581
3071
1112
3865
2265
2511
3878
2730
3367
3909
1159
1121
538
2872
606
2979
3386
2091
2744
2851
1
1902
2810
526
2770
3002
996
2071
1444
3215
3791
2683
3315
3636
3492
677
2302
631
1939
351
1726
2349
1332
179
1547
1207
1495
2203
3469
1562
3737
347
72
2418
7
3241
3027
3029
3486
277
2269
46
2425
1609
1656
2737
2650
2852
2050
529
52
2126
2630
2574
683
251
3467
3985
1886
1857
761
1987
1725
1992
1848
2668
3952
3184
2242
127
3088
3357
769
1845
150
2445
1506
2432
1480
2217
3828
2938
2411
591
3488
123
427
2761
2484
2411
2216
2424
788
1658
1543
3319
3816
3964
2869
697
1184
1535
797
3347
2469
3426
3048
1720
2017
354
2975
2351
598
1554
47
2900
3619
1864
2899
2937
2621
2318
602
3309
1687
516
2707
1390
999
397
3147
3209
1052
2070
1031
3322
513
2509
1571
1366
2534
3617
1663
3878
2082
2746
337
949
1739
208
2930
3632
333
726
1481
3206
3752
2804
3163
2540
1635
861
842
3204
1190
300
2246
1183
3869
638
1929
2907
860
1186
1687
3102
3912
790
3085
2708
2240
1155
1233
3953
156
1495
185
274
1639
1378
2318
1950
14
3433
2517
1128
407
2601
3998
2305
3890
2168
1098
2775
3426
169
2345
261
1539
3496
3382
3071
505
3141
2632
3319
3142
3290
3922
3360
2429
1029
2621
431
3661
186
3338
1653
1305
2280
2572
995
2233
3272
2901
3783
316
1085
1765
1368
2941
274
1594
3322
703
2418
1108
650
2078
1977
3770
3484
3620
2176
3252
2796
1563
1289
480
3125
3679
722
2057
1004
3115
969
3844
2365
621
1706
1333
2363
408
2793
2565
3167
1055
2467
672
3044
2747
2294
3262
3747
3013
1818
3052
3116
2872
3776
3004
2197
2823
860
982
325
2198
3986
1368
2400
3402
3167
3265
1680
3671
2304
2275
293
1474
179
239
1871
1697
1342
2664
1730
2379
1366
3051
963
2417
333
1607
780
2884
3253
308
2461
3982
1250
1595
3985
2124
1815
239
184
334
1860
1006
1038
3471
1846
3461
2860
1317
2877
160
1276
73
1128
2701
243
589
1253
1155
3178
2443
1061
2803
2877
1970
2826
766
1756
767
175
1092
997
843
3109
816
3474
922
3183
610
892
2102
3271
650
882
509
3553
237
1455
3313
2744
2146
2203
2744
1308
3065
3042
2236
1054
3304
2416
2041
3326
3304
1720
2350
1210
3251
1557
926
2636
3873
1597
222
216
2967
3685
814
3004
780
3616
1988
1837
2575
3111
2104
3903
1808
3205
354
3508
83
3937
3277
2456
1000
1007
2734
3200
275
555
2547
41
848
1201
3151
3628
3024
992
3506
3984
1076
887
291
588
2542
209
2179
2183
1044
3921
381
538
2276
1721
2651
1611
426
716
2330
3657
2397
1996
925
2985
3670
3334
1729
1672
3803
1987
3224
815
3161
308
2472
2603
2043
600
3653
288
892
2046
1748
219
1793
3882
3735
2956
3600
2039
326
1657
43
802
3626
551
792
172
1827
1514
3676
3638
3509
959
1838
2810
3746
2343
1984
1614
182
2644
2469
3588
550
3491
2150
1783
2898
3478
1378
874
7
394
2508
685
3926
3968
2411
1079
2285
421
1403
3841
244
1861
878
1630
1897
30
997
3661
3119
3605
930
2355
3325
167
2102
1353
2554
2180
1429
2096
1833
478
2345
3894
1589
1829
723
3455
2320
1333
3140
1230
3701
761
242
1603
1740
1069
3163
3918
1785
2438
798
3613
1895
3766
3301
3020
495
3761
838
1930
1096
756
83
3316
2657
3403
2357
3944
3850
926
300
3791
1005
3822
2358
850
818
1884
3542
1717
1595
1820
1844
3648
2189
2101
2289
927
1874
2435
3751
1922
1559
737
2214
1393
3834
3765
3924
1609
1941
85
665
3675
2114
536
915
3086
1799
2068
187
1340
2786
3244
478
1649
783
2469
3684
1522
2014
2017
2306
3205
2596
1959
250
3215
198
704
572
870
1279
1193
3755
977
3848
43
609
3952
1269
2495
2903
3155
2060
818
217
654
2561
2945
601
3432
3073
3277
1076
2508
3342
2725
3188
1457
3439
2432
934
1394
2146
2387
1014
1840
2406
6
858
3104
1513
1747
2145
1058
1097
2244
3032
2971
2695
2491
2501
1920
3435
350
161
617
2081
747
2725
2933
3604
3269
2891
410
3385
1768
3927
969
681
805
1484
1338
1518
34
3410
3970
2082
1251
615
3913
2271
3339
3756
1644
3759
3372
1664
3351
1810
1986
842
1253
2447
390
1458
2615
2542
3102
1959
3189
2485
2707
1875
3892
1262
654
567
2978
718
922
1753
3244
60
1764
3112
66
2659
3459
1209
254
2578
2969
2342
1654
2754
1079
1144
2416
958
1907
180
2705
1099
630
2722
3626
2002
740
3790
3826
572
232
2572
2254
3804
1940
833
308
2498
2604
3553
810
456
3244
3826
3851
2805
1757
323
3389
1883
1795
3879
2202
1628
3196
758
2181
2302
2027
1046
3139
2455
3659
951
2134
1555
3607
3210
935
2248
312
1521
568
1289
1099
3085
2135
1783
671
2595
1867
3248
1163
3233
353
2076
1416
255
1164
2728
2316
3173
2369
3937
1274
943
3713
3782
2520
475
3408
1397
298
900
461
3452
2531
359
1748
1431
2289
1876
1263
3911
3393
396
1701
3740
2196
1039
1825
3345
454
1944
2119
1914
2866
2925
1859
1131
1834
3321
3281
3029
3262
2682
2989
878
1476
1844
1413
568
538
623
2163
2857
3741
1876
1878
1256
1303
3911
2816
764
1355
2225
3775
3073
327
289
2018
2395
1554
3632
1161
360
2265
2660
2979
1381
616
2652
3422
2808
1788
3344
2967
286
1457
908
1559
1414
548
2097
3912
3935
3151
1117
98
2300
2252
3293
3521
725
2045
2418
2990
3097
109
382
2601
1250
2087
128
2718
1362
2575
91
1331
211
1690
3018
2738
2615
135
1807
125
832
615
2448
14
1099
3444
3213
2330
2733
1777
3887
1229
3812
3920
2590
3697
1402
838
1063
2728
1875
899
2966
919
3851
1648
3102
232
220
2192
2671
3945
664
970
1878
596
3141
533
3165
1964
2469
198
2199
2402
3738
3138
2236
3054
609
3147
3389
3586
102
335
3114
1973
3081
3586
1046
2690
2131
1535
1884
3406
547
2440
2913
3131
1470
2717
2836
3015
2417
2465
2875
3843
988
2631
3553
2273
2275
2428
3878
3360
2621
890
3295
1901
3633
2712
2794
3559
2574
362
2186
243
2482
660
2276
3083
3068
1043
3027
1348
857
412
3270
2613
2170
1662
694
3136
2641
2289
2985
2140
1371
3444
3402
328
3693
1955
3208
1966
3302
682
2985
2998
1997
3728
681
2785
643
1323
1373
533
3288
313
3743
3475
3740
2273
2238
2902
474
1841
516
431
2805
2363
1290
290
919
3479
2799
2499
1944
2782
2457
1503
2542
612
3069
2063
3025
1138
2518
3820
523
1363
1110
3217
2802
3721
829
536
2892
3521
3354
1238
3590
766
494
3888
2403
467
3025
2239
1294
281
2225
1819
712
1163
3127
233
2458
1856
3859
1675
1519
2202
2249
3325
2572
2878
3045
3537
2686
3622
3535
309
3481
3867
1989
2373
3011
3738
2275
2313
2657
2095
3874
1838
2822
3482
3860
1525
1024
1653
784
3925
1039
524
1266
295
452
2129
1855
1585
2993
3135
2493
239
2886
3983
2663
1647
1210
3814
404
2248
701
2996
1128
1235
3918
3699
305
3323
2113
2624
2527
6
3399
261
1685
1752
776
1012
728
1662
3255
544
2536
3585
3999
1069
3188
2350
1638
807
1143
3395
1863
560
1474
3261
1688
2521
666
1505
3259
2945
2982
190
3780
1382
828
2447
3479
3054
121
140
713
2911
3255
1624
2873
1958
2705
3836
285
1921
2083
387
1999
1072
3863
829
2467
3076
2507
3629
3040
710
3820
1714
104
2262
1715
286
984
910
2269
388
924
3911
3932
1250
1969
2832
467
2750
2147
1784
3479
1194
3072
266
1126
1259
3296
3139
788
2790
3768
2849
669
2624
2259
787
1438
2814
364
2610
3966
3155
2028
2902
1456
867
2531
3317
1148
2542
2750
3466
2195
3390
2596
3810
3448
3151
639
3201
76
3340
3425
3122
2410
296
467
3849
3580
2311
1352
3726
540
2012
70
870
1313
460
3011
495
987
3959
1734
3852
3879
1824
1278
758
996
2337
3878
3594
2440
3623
1445
52
2083
3470
2763
1719
3347
156
3841
3405
775
3013
1450
2637
3782
1565
339
2428
587
1410
2526
1320
446
1564
3696
3613
1715
1091
3688
1529
3880
3868
2475
1960
572
298
2570
1434
2692
2801
2214
3499
253
1136
225
2474
2127
136
3435
3968
3367
1412
340
446
2565
2390
3074
1758
376
2256
1016
1073
3131
607
1601
3486
135
2053
3778
3564
2231
2522
2833
1215
1628
166
89
1171
3957
3416
453
1080
2762
1577
2099
1931
2410
1947
1973
1295
3041
1556
2451
1716
2352
3933
1565
2510
3621
3749
3239
190
2742
1883
2035
2517
2027
2969
2346
1286
3081
566
2175
2506
3427
3593
1535
2466
3496
1262
3889
1781
2440
438
3624
2289
3379
3295
69
1402
231
3782
256
1405
1746
603
2676
2881
336
2311
916
1800
1820
2490
445
1134
1349
2324
2613
1995
3084
235
1576
3974
538
524
164
902
3503
2284
3863
2925
2183
2023
3233
2954
62
2349
3140
2969
1982
1038
3829
2624
2129
2878
2425
2731
1010
683
3511
173
2401
3192
450
3538
2254
3171
5
330
1372
1327
2094
3939
758
201
3072
3857
1133
800
3421
3547
298
1447
2173
2896
3021
3163
223
2440
1716
2867
1554
3036
898
3129
631
1197
3494
3747
1329
2503
3657
3645
78
313
2777
382
3464
2679
2731
3057
1169
2202
2587
2387
3585
2987
1844
1750
2330
1941
3562
1941
1220
491
2333
108
1815
3036
2147
1160
2228
1091
523
207
691
1284
2605
1063
2927
3879
815
21
2248
1002
661
513
974
1703
1004
2870
2522
528
3488
3337
3170
1805
3923
2562
1848
28
1623
2082
3245
2294
3209
1756
2089
1143
3577
51
3378
13
2135
577
2436
2591
342
1504
1455
3127
2284
1194
430
1050
3453
3323
3470
493
3883
1553
3176
1436
3347
1478
3202
1983
54
1761
798
1481
1793
2079
3739
2001
825
2108
1450
3847
1538
2423
3457
3185
2019
3235
123
3521
1398
1378
200
2478
3743
1599
2678
3735
1348
3464
3827
3804
449
1536
3726
1604
2314
2556
3140
2415
59
2887
3449
1871
132
1038
1210
1685
3225
3346
402
2769
3927
1971
104
2645
3365
232
2725
3895
2397
818
1766
3561
3908
1531
369
2611
3464
2071
3733
2919
3025
3062
3233
3622
3867
1966
560
1431
162
1363
657
1712
1433
864
1392
561
2242
3299
312
2246
382
173
3099
2373
1906
2990
843
924
1074
3725
2339
1007
3675
2939
2162
1586
2383
10
1029
527
2843
3177
3491
3601
776
2971
3423
3196
137
2936
2710
1893
3252
2213
2897
2367
1720
1500
3559
1316
905
2440
2346
3984
668
1618
349
3581
2823
177
2043
3523
2661
2749
683
3846
341
1779
2127
170
3898
548
2431
708
1025
2254
2632
2939
616
620
2193
2685
706
2925
3925
1804
1874
2627
3383
3996
842
1776
3431
3435
2411
3949
107
2218
2361
2772
691
1433
3737
310
2861
2960
385
16
1490
194
3287
2824
1266
3878
2974
2898
697
176
1078
2534
1274
1174
2516
3542
101
165
3064
3912
94
2956
1257
1942
59
2349
757
542
1675
854
3230
3364
1706
1419
3993
1665
3730
2057
187
3946
97
3954
1852
3937
2108
3807
3306
743
1706
1708
425
1679
3760
1628
2553
2257
731
731
1944
376
3957
2851
3238
1596
1176
283
1651
1429
1831
1183
3829
60
358
1632
2817
3325
31
1664
1942
61
3380
3046
490
534
97
308
2041
424
3785
1160
825
3464
1558
3529
3583
3031
2199
1286
111
3924
446
3453
3881
3001
1373
2773
2925
1697
312
987
1704
3222
40
3348
2413
702
3887
2335
2852
1687
2961
1283
1312
3263
2675
3353
2564
783
1641
2173
3204
2089
3545
1996
249
3306
3959
25
2699
1756
2322
3874
2772
801
1412
3272
1473
1486
3090
669
1486
3419
2574
2992
1711
3739
904
642
469
2793
3189
3984
1725
446
2260
3797
39
972
3335
2920
2944
778
3051
2083
3070
2852
3706
484
1221
2575
564
3901
3653
1136
2705
3359
1205
3792
1347
649
3694
3409
1594
1902
120
2115
3478
1791
456
399
2757
2271
3712
1500
1046
2114
3822
3276
1014
1057
2668
2134
2330
1721
2425
773
2345
1569
3534
948
3337
3325
1194
3643
1071
3069
1289
1334
3749
2734
2948
158
1575
188
3933
2452
1675
2496
1456
1428
3635
2007
3037
1931
3474
1290
2532
3558
977
2477
2411
3465
1551
1038
2229
1321
2631
2612
947
3673
2387
2280
2517
2397
27
2396
799
2606
548
2240
699
2862
2918
671
278
3854
1424
3559
1442
1551
175
2200
1000
2019
2111
440
3663
3057
3409
672
3945
1319
2153
1918
64
3105
2734
1740
423
2518
1505
1752
1696
507
588
1332
307
589
2245
2595
1334
826
1745
2289
952
1509
3208
3466
1637
225
668
3377
25
2922
159
3562
1945
162
2814
2634
902
1270
3033
1336
3038
2719
1403
1205
1839
2070
3917
1548
1278
1489
2290
1611
1261
1714
2853
2875
520
3919
1570
1613
2965
1343
2335
2583
3173
3315
3866
2197
3939
1709
3576
2728
175
81
84
3828
1421
2087
3069
2523
1510
1899
3878
618
1423
3388
3713
249
237
3543
208
3695
2422
1530
1725
1013
1895
3604
3148
3741
1098
3843
2715
3322
1182
3382
2788
1652
1751
3581
2315
2389
1749
2984
1147
964
2923
3296
2971
2453
3218
1564
3499
1906
1632
1500
831
3146
1771
3070
661
2981
1401
109
247
543
3128
3187
295
2033
3227
2250
1539
2056
1064
1339
2876
1872
1814
3101
2752
251
2876
2067
2571
703
3124
447
1397
2865
2104
2179
3572
3149
3396
1069
2159
1288
342
1167
3768
62
602
3408
600
743
1987
1623
372
455
1187
3985
2181
910
2724
3857
3279
300
2269
2990
1773
1176
3239
2717
2557
3505
1627
3913
3707
362
3164
3213
821
128
419
1214
1224
1087
709
3018
3797
3624
1580
1284
253
2530
2233
1785
3248
2381
2057
2785
2044
2432
3531
2229
2902
3307
1609
458
2899
994
1717
680
140
648
3761
3791
273
2939
191
1718
1224
1339
2545
906
3257
17
1559
467
1901
771
357
1882
2295
2093
1981
2040
481
613
1702
1126
2615
2336
1842
2693
1028
1363
2868
1083
1774
3738
3530
3230
315
26
1951
1654
3897
2788
1499
3756
2355
3198
2253
1136
1641
2147
1117
1167
132
768
1628
1889
917
953
2739
1088
2140
3529
3335
3112
1183
902
2451
3734
1171
1759
910
3622
3837
3977
2710
2205
2610
561
3587
630
3016
940
42
1034
2567
470
1429
737
1390
443
3773
1722
914
753
2087
3532
3254
3549
1278
3929
1579
1349
1566
1718
2115
546
1818
3721
614
2922
91
396
249
1174
2686
1778
2470
3319
203
668
1186
2706
312
833
2626
2959
2542
3788
2989
1495
3938
361
1594
2595
593
3935
602
372
1942
2296
2332
32
226
759
1426
871
3398
384
3703
2012
2429
2555
257
1530
2348
1333
3269
586
1385
572
3500
273
3521
3951
991
3677
73
2431
3589
1954
3930
1267
1948
3972
3556
3436
3237
101
3143
2920
2558
1103
3865
3654
3150
2016
3397
579
2203
2003
642
3362
2268
2951
3058
2596
990
2997
2469
2506
3996
1634
107
913
588
3948
2183
1156
1201
2332
1347
1302
756
246
3855
2656
3673
3228
718
3352
2994
1711
123
1463
1858
772
3709
3743
1773
1899
3161
443
3171
2054
57
1304
19
3486
3108
2017
95
1322
3579
903
66
2162
680
166
2887
1930
3109
3902
2713
1626
979
979
2663
119
1730
1115
2008
2480
2260
1696
916
1468
2117
1861
2362
2482
2068
794
2435
1184
759
690
2519
3278
2139
3954
386
2641
3993
2751
353
2358
2676
1547
542
3345
2223
632
3357
1328
1017
1820
3278
334
2081
1157
2432
2101
2531
1707
143
2521
1257
1423
2358
512
3000
1787
1017
3205
852
1875
150
3732
3103
2658
2262
1951
1062
421
1415
605
192
1350
570
2782
2548
2472
2543
2100
3073
608
1373
2426
1630
3344
2310
3626
3084
2600
1229
1271
296
1948
3523
3311
3811
2721
3253
3790
2362
3642
1234
703
1614
2771
3526
536
3056
986
3973
3051
1435
567
2665
3592
3840
2895
1534
3884
3533
1544
3020
1088
320
574
2066
2169
2327
2124
987
1777
1184
1413
1954
2756
1467
3053
363
3465
2261
158
2968
744
2931
569
684
3344
3320
2318
703
2144
3491
2821
1662
1543
1425
2252
2545
349
1132
1315
3189
1526
1460
2752
3629
1363
2881
1102
409
2787
3679
2136
1333
1793
1393
458
3444
1962
1971
643
2133
1964
1465
2736
1477
2501
2223
3813
862
1481
3350
3517
3023
857
2128
1249
3023
2917
2724
3079
3570
1724
3124
147
2848
2938
3189
3128
1683
1068
819
351
2600
516
105
3908
1628
451
3231
2337
678
1276
3797
881
3756
2131
1208
2023
2273
2993
986
968
3783
664
115
319
3522
3584
162
605
859
852
3823
2320
575
3801
3402
1643
2194
1040
2806
192
2989
2273
3146
2695
2321
2550
3442
1834
1618
1392
709
3666
3129
3731
1505
1534
174
1923
725
1560
2727
1973
2207
723
2883
3516
1578
1172
152
1679
3280
469
1494
785
3931
3187
2895
796
772
1127
567
2992
2831
1055
2791
1768
1212
1387
783
3144
3053
2144
888
2769
3441
1899
2254
169
1646
222
875
2917
413
3217
2580
515
117
1789
384
1337
3810
1543
1258
3234
3862
3404
3669
994
372
1563
958
2047
3058
3365
351
683
550
3077
997
520
2528
1432
2641
3757
3410
3913
1136
2494
2036
2107
1582
3209
3073
1891
565
1926
3186
269
2516
346
1478
447
3223
3954
2978
1957
1754
60
1754
3578
3835
3227
3563
3327
2687
3566
3322
2955
749
3858
2501
1979
757
2423
2110
2043
146
1976
2220
397
131
2794
715
628
2948
452
2148
1969
1826
2491
41
2802
2779
1172
1995
1746
1765
2921
1642
665
3903
1863
2901
1020
2348
3727
3257
837
876
3462
3701
3815
995
3481
3913
3121
2431
3298
3854
2170
985
848
2998
708
2971
2741
199
852
1296
1939
749
255
961
2472
3959
3903
1895
834
3737
1442
856
737
3568
160
170
1074
2391
1577
806
2353
3248
383
1678
3076
1076
3527
3550
792
1265
1494
1876
238
1314
2848
3414
346
1851
49
3886
385
855
2800
3063
2501
3137
988
1249
3132
795
2167
3251
1666
3729
2094
1573
898
3615
2742
3402
801
1494
3800
1703
16
3059
2294
3500
434
2174
753
1814
1829
752
2183
212
1499
1936
3732
2384
2638
1665
3562
966
3092
2210
3896
1404
3473
2921
3356
3616
1180
1035
1784
2165
3673
2671
1965
1577
1689
2896
1320
1978
249
2347
2546
3534
504
810
2882
419
3586
497
2222
1537
3766
3330
2597
614
973
2435
953
3225
831
705
3176
901
3844
3280
1446
701
3332
1049
490
1489
278
3801
1691
366
2334
1352
2878
3358
957
1771
3867
1029
3070
2447
1212
808
3789
484
2742
3260
3556
2756
2583
2668
1120
2886
9
2507
3557
2324
911
1199
3236
3203
3437
2253
3338
190
3398
453
2964
3923
3592
3542
993
3286
2208
1729
2350
852
2553
1349
1302
2430
2742
2249
299
113
231
2695
2694
1218
3749
1458
1858
1333
3596
1151
3340
1025
1329
1133
586
436
3536
2209
2946
2774
3392
3581
1326
973
1331
2419
3422
1741
2049
2300
3615
2473
1045
2908
2356
548
26
245
795
2068
1742
1976
1025
1729
2797
3381
1223
1000
3803
1696
3608
2155
2606
1715
1889
1387
3655
2115
2019
2880
3213
3764
3852
204
2677
203
3933
2395
182
1981
1267
3137
2323
2074
1470
744
3678
1682
1464
84
2211
2076
528
2829
1496
3628
144
3235
685
3737
2734
2632
3819
529
617
60
3859
580
633
2612
17
1821
2933
553
3567
3453
3872
2629
939
986
870
163
3812
2344
650
3897
169
396
429
2194
1695
3679
3454
2537
2056
3798
1883
612
902
3837
1207
3306
3004
123
183
1471
272
2531
452
2423
1047
3712
2027
965
3883
1649
1558
2327
918
691
3140
3310
2366
3200
1887
3412
1787
3887
3238
2926
832
3560
2075
706
900
810
2352
51
3281
715
3097
2943
212
3472
3181
3178
1843
3063
662
3736
734
2820
624
927
501
1965
35
3924
3834
155
2044
2931
700
3076
927
3612
852
2701
1245
2862
3329
2544
817
1730
1298
216
1173
2835
2479
3909
487
2185
1546
1248
945
961
3227
2715
3996
2493
2731
818
734
3249
2759
3798
2307
205
3242
40
272
1562
654
3236
3268
3994
2818
263
3185
3253
1512
1022
2598
2525
3903
3464
260
3390
2987
837
2684
2467
660
218
3052
2101
2320
3142
549
1197
70
2054
1523
1020
1652
3282
2503
3164
1947
1613
1714
3128
3365
2591
642
3677
2730
2578
3011
3108
1000
1877
1409
1293
3485
2412
2765
3977
1222
457
1281
13
1355
2701
3774
1414
3213
1374
2061
2588
1602
575
3618
2257
2350
2607
3143
1558
2416
1870
3443
1635
2390
3915
1771
2179
2486
479
2262
3897
3481
3530
2553
2945
1113
1188
625
975
2860
3496
4
2422
109
784
3447
3705
1334
983
3749
2551
3232
3332
668
554
629
3649
1636
1670
1418
775
2903
834
1806
3934
1237
457
865
1065
1345
380
1000
1839
2003
3827
206
3256
1402
2075
3579
3595
2584
1700
1872
3954
2622
1139
1595
358
3989
1954
751
1587
1452
3630
201
3679
1527
3096
3223
419
854
2078
2067
731
2294
2973
1638
2717
2932
411
3226
1142
167
1532
56
1977
1737
3124
1415
3522
2285
1293
233
563
3427
2334
1693
1643
398
3085
1523
3914
3770
3213
707
3887
410
3530
657
740
174
2313
2072
2587
615
2199
2467
3951
1076
936
3376
544
3629
1724
914
201
1973
2683
2014
1307
1635
1313
3725
2749
2316
756
2112
1524
1921
3626
821
839
3328
3350
614
3525
2753
2600
2528
2766
2342
1355
288
1753
2845
204
2894
370
1562
2203
3124
624
1030
1275
2031
2615
609
528
207
909
1519
2984
3655
3771
2401
2627
3357
2484
1349
2470
3585
1881
3912
1684
3207
2244
2403
489
2764
2036
3030
1273
3210
789
3266
2403
2303
3023
1173
2527
1861
71
3370
1515
1423
2247
567
2794
2176
147
246
1429
237
108
141
1811
24
1487
1346
1287
43
2656
2349
3536
775
1564
883
1201
1207
1267
3359
2096
3478
2602
1782
795
1265
3825
1651
1958
1673
2030
2660
3177
2141
2147
2559
3098
1246
2189
18
1920
1532
512
245
2924
331
2085
3661
734
2389
3136
451
1152
2443
2741
1627
2042
2391
1936
233
2637
1525
2833
289
1652
1067
2596
3408
1840
1555
2658
976
2102
659
548
500
84
354
2436
735
43
2115
392
2604
1915
2139
354
893
1209
2049
1789
495
2512
2143
2026
592
235
3210
580
316
3768
1251
2760
3121
2376
1100
3592
1058
3685
2728
304
1623
294
898
1774
1523
3824
3635
3096
3344
897
984
851
755
1469
3902
42
23
3178
1532
130
1239
2083
3145
253
2789
316
622
1430
1345
2091
385
2852
2168
2426
2373
2505
952
2626
615
1919
1343
3190
381
729
742
1841
1964
1701
2759
2762
3122
1996
1173
724
2429
3997
3724
1767
3127
1784
2808
1651
2185
3703
1467
3523
1797
1598
624
3064
3072
1713
1777
3408
2642
1734
720
3838
3947
3036
1488
897
34
647
327
2670
2478
1521
2116
3545
333
1150
113
3621
3138
3699
508
3132
2650
3486
352
460
491
3977
2046
1771
2871
1548
3917
3942
1322
2174
3913
2326
3288
1911
740
86
1686
2357
1904
3813
854
2749
997
1143
2003
431
3452
3138
2477
3436
35
491
891
89
2590
3501
3594
2144
1337
3303
1528
2363
2267
1697
2694
3825
2064
1068
1165
1609
1592
3863
497
2139
2526
2100
3593
1480
1558
243
2124
1433
811
828
2294
1560
2398
362
3439
1457
1254
24
389
3461
3192
2709
3292
1262
2232
1869
3765
1975
1235
548
1538
1899
1579
826
3738
3620
797
556
651
2995
1310
3504
2664
593
2244
1546
1984
2721
3786
208
1707
3381
2529
2931
3516
135
3264
413
3493
1088
2096
1099
3769
1693
2710
3258
1809
1469
637
3779
2010
397
2810
499
3710
1107
1651
2892
1977
323
1598
1453
2934
318
3872
3579
3182
1279
237
363
608
1908
282
3396
2312
472
2629
1929
2034
1984
3944
3011
3814
2365
536
2587
2120
1795
2118
1345
1005
3903
3941
826
3035
1324
2339
3154
2146
3588
3743
1058
98
2393
1583
3493
1914
3371
859
2172
474
3439
2995
292
2614
79
921
2661
2770
3169
2278
2245
2227
3006
515
1776
1581
1087
2383
1767
673
1803
1606
2779
555
648
3203
3232
1934
1674
1563
815
2461
316
2701
3500
3580
1505
3659
63
2288
3307
3876
3148
2321
1912
1857
469
3796
835
13
3690
3719
592
2385
1237
1472
3840
3839
3386
1742
2990
3940
3542
65
766
1007
2225
994
1330
3643
3996
3710
1489
3548
1832
1585
484
711
2077
823
2887
3474
656
1749
2381
1897
1853
2794
886
3116
299
1780
3954
2743
766
1336
862
3040
740
1495
1685
248
3244
2580
167
2903
3394
2488
2902
1036
1764
938
3521
1813
3879
1539
1409
615
3989
1662
2711
727
3050
279
586
2046
2073
3845
541
3404
810
1077
1729
1040
2344
3049
393
3070
1448
3895
3020
3999
167
4
181
10
3444
2586
786
3002
3383
1330
3171
760
146
1499
3790
339
3644
1816
2142
127
68
531
3625
2972
2788
349
876
2264
2733
1874
252
1698
3838
3210
528
3294
1543
3456
1968
31
2572
812
1383
978
2936
1956
2376
2780
1648
688
2715
3284
582
3752
1431
1395
796
705
85
2912
2635
2651
2691
482
3420
1124
2438
1041
2983
1953
554
3057
876
3306
2080
3982
2054
1390
2223
2153
3243
30
2877
3098
2204
109
1415
3634
3301
1370
2566
2179
690
2778
1363
3942
2194
2565
2573
1478
459
1173
1374
3954
1036
2710
282
3569
3924
1859
2541
2279
3501
3988
225
947
1005
396
2961
2116
3281
382
44
2997
3788
131
3944
64
1986
3162
2528
1497
592
456
2389
3069
3025
2940
1216
2818
2736
1942
542
1880
1500
3047
1290
2081
145
1302
2098
1472
1019
2770
589
190
3722
3064
2457
2277
2496
887
112
3035
1206
3139
991
1839
1155
2241
3431
2952
2798
3563
2473
71
3389
2568
129
229
1097
2004
3085
2543
2799
3930
1907
2698
2062
2764
3983
328
2411
587
1859
1915
3941
3395
3182
919
645
1037
3367
1065
91
2903
1405
1390
2663
798
399
986
3282
611
659
1867
3359
2490
858
3736
1763
126
1463
1774
1650
1459
2475
217
2783
1453
3783
3283
3800
3472
3365
3588
3377
2340
3115
919
891
1372
2666
2166
1653
452
2595
654
1674
51
3003
981
2679
361
353
3820
2864
2013
3245
2898
789
3054
1280
1946
3234
3394
1082
1179
3822
2742
409
3127
3993
862
1704
592
1634
3462
926
1772
2209
1750
2984
2880
1890
3795
803
2274
1095
2091
1067
2250
1397
3921
1711
1387
3098
3683
1492
528
473
329
138
3433
1674
867
2252
1209
1635
3873
993
2488
1238
140
406
2659
2223
2067
2297
1370
1088
752
469
281
747
3402
996
2818
3495
2880
260
2513
1137
1656
2990
2966
3400
2857
31
3930
571
1144
770
2381
2032
1603
3982
1587
547
260
3661
3848
2743
75
1853
2456
2768
892
3396
3620
672
2391
3581
1813
2052
2827
3684
3715
738
1350
2524
29
611
3113
3150
1291
3441
1052
3130
3658
1579
3724
3886
1891
1631
1782
1194
2069
553
1151
863
3184
3801
765
323
3951
1347
1679
3439
1766
3158
1713
2373
3906
1620
1199
3797
3127
2630
191
2062
3912
281
3703
1183
1472
1687
2731
3420
706
617
914
2668
2
2653
593
2892
3163
1203
3265
402
1260
769
699
2013
993
3085
3931
1995
3706
1925
2132
1616
1402
146
2258
113
3389
734
2276
152
2387
534
2540
1712
1802
1288
3284
988
2982
1433
291
534
2649
1265
895
1984
1732
1647
2290
481
2337
3866
2308
2181
236
3035
29
523
1034
3453
1507
3902
3058
3739
2552
3519
2524
3718
2634
41
16
902
354
1265
608
2446
858
1311
2270
2246
1989
979
851
2021
803
1228
1928
3702
3829
1997
3831
3317
3547
288
1423
3004
1673
2087
1131
3994
1560
3281
3105
765
3849
951
3997
546
2913
715
1609
3346
3128
354
2206
1939
3703
3928
3372
1317
897
1153
502
369
215
2485
3384
2865
2094
2158
2315
1384
1929
1491
2463
3433
1751
3680
1966
2748
3569
533
77
314
1959
2547
3122
3514
165
3127
1689
2431
51
3285
1883
2310
2453
136
149
227
398
2986
3478
2147
3952
3268
3383
3913
2175
1354
3841
78
2038
2399
2783
263
2504
116
3193
2336
2422
751
269
1589
2538
2919
2700
2510
3659
2627
3050
1869
1877
2030
1373
2561
3922
1494
129
1536
1977
302
3646
1478
796
2584
2212
3278
2190
1521
1513
1844
3916
1375
927
1694
1923
822
3179
1810
959
3940
3397
2883
3160
1679
3788
426
2664
413
2783
3761
3680
478
1999
512
1212
2989
540
3843
2560
3995
3570
1696
1443
1525
1467
597
881
3864
3499
3069
2781
1218
3143
2067
1046
2320
2939
3062
1357
2045
671
1669
1105
3829
2702
82
1452
2430
3564
3410
2628
1112
3318
758
3027
3300
2256
2603
2944
395
1543
2429
1096
2694
3485
1207
339
1066
3658
2025
1200
1066
341
1720
3531
575
1062
2757
2938
1218
1000
415
347
245
1213
683
2118
1941
1437
1226
3945
3973
3654
3420
3621
2928
3736
674
535
3778
408
1701
2314
1035
502
3376
475
1358
3698
2464
2845
511
3637
3537
3869
1805
826
2758
1877
2273
2646
3794
173
2969
2328
1550
2438
3959
471
3877
1542
196
1831
958
1078
2931
535
835
2707
1094
3710
462
2086
3692
1282
272
1542
3792
55
2580
1147
201
1675
1956
2746
1818
18
1009
2622
1644
1959
3151
3827
3244
623
770
1139
52
2397
1032
2102
374
3553
3696
1484
414
750
3910
1007
1440
2876
3779
1570
518
1570
2103
3134
1077
3064
41
3376
2499
1358
1787
47
2875
1609
3843
3559
1422
3064
146
215
182
1944
136
261
1254
3971
2106
3692
3178
1395
1799
3728
1600
3046
3988
1030
1574
3056
93
1497
2487
145
13
452
3281
3895
2537
3680
1173
906
3589
515
2722
3791
290
707
700
2733
3640
1534
3080
3245
263
741
877
3312
559
576
1925
832
2691
2699
537
2721
3435
3412
1958
259
1506
1822
1339
1547
3115
3044
2742
1364
1167
1669
2739
1692
3044
2248
1521
2336
1298
738
655
1359
969
671
1298
2483
2976
2341
3731
2276
1590
365
1143
2232
786
1827
327
3037
3354
1176
790
2169
756
3024
1440
1318
1778
337
2587
1843
2901
3208
992
3304
1673
3689
653
901
3969
2820
3530
894
3705
1228
2022
2470
2255
1411
275
2175
3190
1127
2346
2526
116
178
3872
527
2500
718
3682
2359
461
825
3473
2008
3816
3095
2548
1455
2873
1510
2222
3753
1991
3070
783
296
2012
681
2664
2214
243
3463
1037
2401
798
3332
2848
2883
2392
1532
1570
2876
3431
131
3704
2245
996
1156
1281
1889
157
3036
1831
2349
1207
3217
2379
840
3760
2838
1510
2786
2502
1118
672
268
2241
2603
1530
2749
3842
235
1867
2991
2258
3379
3624
3811
994
1241
1108
2480
495
1670
1276
1703
737
2868
1741
1360
1786
3565
3523
3998
1174
346
1462
3821
3105
2307
2352
474
267
2152
1759
1056
3920
1159
1622
3842
1780
3219
1605
3237
786
573
3718
3510
1329
1660
441
451
3884
2996
3671
2702
2979
1426
1492
3380
389
3477
3194
2208
2046
3366
3431
1411
3711
1398
3735
1676
1265
2600
3803
1210
3841
1041
129
2149
1359
1559
824
576
739
2702
660
645
1636
738
2880
3463
2240
3845
1968
1208
2184
3919
3234
2386
652
3999
676
2538
2654
830
3748
1031
3905
1166
3359
483
1817
3251
3803
3583
2219
3606
2422
1657
3697
1377
1594
2077
2211
2927
2312
254
784
1581
2823
1498
661
425
3994
2620
3256
3682
1340
2981
105
1001
3554
2715
1255
2715
1232
1326
2535
2068
396
3564
543
116
3803
2825
788
745
1017
3991
846
2874
1874
2642
3603
210
1063
3047
2366
1252
1200
213
2640
2137
395
1790
2710
3819
3627
1218
2777
1200
2063
2025
629
1556
3607
1540
1480
1263
3831
964
321
2975
1294
2261
2855
3997
2127
3246
2444
3446
196
2549
3486
2248
1700
2919
1979
1403
879
2097
762
2796
3504
1318
960
2136
3856
2221
1523
3152
2419
1406
1561
2565
1810
1831
2917
1164
735
2156
1802
192
857
2266
2887
3470
452
3780
1643
544
3551
92
979
1476
1132
3355
2627
2310
2793
692
247
3086
943
971
684
546
2323
3839
2992
2436
2075
3360
1728
645
1232
647
3361
1652
3752
2676
2594
1517
508
3868
3035
1716
1337
3112
438
519
3358
350
3779
2186
3886
799
1423
3679
2079
1182
1652
865
814
3174
2326
2245
3950
3250
181
1267
2836
3753
1675
89
2424
2723
1220
1252
612
2553
3326
3323
1974
3079
1374
3098
1668
2947
642
2031
3867
1891
2406
594
987
2501
1630
640
1297
3847
2497
2694
2438
1523
1671
2895
1853
1732
1588
3017
3474
2543
233
271
3463
2468
2541
3825
593
2081
811
1037
2739
2183
1797
2965
885
3352
1108
417
1309
1046
796
29
3958
1591
1120
896
1977
676
1124
954
3331
1787
2866
1559
2758
1214
964
1459
1181
2003
2198
3526
1503
2239
3435
3898
1042
221
1858
3638
2568
2727
1826
1975
2248
3718
1826
1345
2523
3821
747
2913
3011
2136
2857
1145
875
1156
3546
2559
3228
3988
3527
3426
101
1892
3339
1119
1805
3179
1342
2308
815
2997
693
2480
1104
931
3570
1126
1662
750
3131
2808
1
1376
1391
1666
2388
2620
531
2942
3650
3479
1393
3382
831
2809
900
345
630
3950
643
731
608
2135
702
464
3099
3269
3918
106
1545
2079
2511
1149
3599
3326
1034
2047
990
2982
2126
489
763
1791
3036
2057
3812
1949
1269
1805
1998
1337
321
2103
1281
1067
84
3055
1993
589
1740
1598
681
2365
1989
3519
3161
3859
3378
2733
452
1050
3657
3287
1486
3473
2080
614
1020
1857
3383
1105
1719
378
1415
1144
2094
971
3770
1295
251
3045
3069
3643
3745
58
3586
2790
967
1510
3061
2322
3367
3816
1227
3623
3705
2320
924
981
3085
3303
1967
3679
3919
2683
3397
523
843
2275
1358
3324
1381
3687
3873
775
3028
414
3516
207
3275
768
395
298
2296
1718
3488
2732
3354
3093
3893
1602
2003
1134
310
2919
316
2091
2992
357
781
2037
3859
3998
3923
2998
1388
663
2279
3941
2065
1317
2025
1089
1040
2411
498
3455
1047
3569
1198
2538
3206
2698
3846
1116
2068
682
3593
1185
1131
2984
3142
108
3899
3558
219
1984
1298
1590
1932
2247
919
3715
314
1145
959
752
2951
1688
1177
894
3221
2006
3433
3886
149
3901
600
2775
329
1651
3457
2190
3785
2254
1832
2194
221
2937
2171
2243
1789
2116
232
1767
1808
3273
3760
2781
1181
1327
1019
745
2226
1544
117
978
3850
3497
3595
350
3664
3759
251
1376
134
786
2830
581
2510
2810
1211
1629
1130
3131
62
2750
2804
1274
3153
1139
1531
565
3816
1640
1877
3130
1175
1673
2536
2636
2085
3622
3226
2020
2801
543
2172
1396
2535
820
3380
1682
367
1019
940
2697
427
1191
1322
3859
2436
3597
1566
3703
3652
2150
1661
133
1751
3159
2056
2757
2589
3274
3481
2356
88
3463
1530
3798
662
703
1623
426
2179
719
272
3244
1798
2387
3896
310
3664
2534
1149
2126
2511
3238
3384
3987
456
920
3787
1027
2781
2549
2377
1347
508
1902
3237
3830
2611
3424
3059
2926
1103
1430
2446
985
1813
2579
2852
2564
767
3195
3505
3552
2592
1538
605
613
3523
1401
1986
903
1231
2932
3492
1805
1504
3316
184
2989
1101
1001
40
3289
3415
739
2796
2480
727
22
3156
1506
564
841
323
3971
146
81
2083
3318
3359
2456
154
2698
2477
1561
1865
3378
2907
2159
1474
768
1827
2957
764
3850
3715
959
3524
908
3966
2108
1618
1221
1550
3030
1189
512
5
95
163
2337
1889
3941
1621
876
1841
2544
3141
3558
2549
2565
253
1854
3429
974
3407
352
3865
1328
2641
1270
1885
3645
1728
3467
1523
2484
2309
202
3853
1885
3350
1429
949
3526
2041
1463
1699
1367
3622
1651
3158
450
3239
1002
779
3872
950
3933
3519
3017
3631
1542
1361
2697
3348
3266
243
2189
2136
1529
1490
1464
39
3321
2477
557
689
3219
1761
3279
2878
3713
3010
3657
581
1832
2979
1790
311
2746
1102
860
870
854
805
1157
278
2860
2058
1661
1636
2824
2796
3269
291
2632
740
2429
2319
2466
3872
248
2779
2082
2056
2223
3629
3292
2894
1058
825
1367
531
3063
2615
2452
2188
1185
477
1921
602
3208
2532
1898
1698
471
547
1162
2951
1974
1471
86
3757
2460
3789
3306
2724
2033
306
2921
2478
1829
1648
2506
1470
2029
1586
613
3305
2450
1693
1529
1317
797
2224
1474
2778
2827
2241
640
2870
3595
18
1114
1782
1429
329
2132
3545
3852
2640
2441
3244
687
2049
1416
805
162
904
3785
2790
2730
2399
2579
911
2613
1385
2864
1243
1981
1411
348
3263
1667
1476
2585
465
1328
2441
3191
1442
3104
2121
2253
2635
1551
816
1373
73
2785
164
1266
2974
159
754
3389
418
3743
70
3952
252
610
3170
687
1417
1864
1554
1883
2768
2150
2129
2888
9
624
2973
1853
674
3996
3233
3714
2596
2563
1292
3414
2320
3405
1844
426
2521
1349
163
552
926
132
3539
157
1938
746
571
829
1181
826
2752
1262
1914
1713
33
934
3797
1021
3726
3279
1847
2304
2019
2711
1716
1468
1810
557
728
364
2371
2556
2148
2736
3763
2769
3839
3091
879
1399
2365
3982
219
1502
2711
2743
1642
1539
3961
679
1765
607
3966
3658
3798
944
712
3514
478
3314
1300
280
1599
1501
3660
323
1350
3772
3121
2294
69
2208
3171
992
2888
1241
3261
1071
1302
788
3528
999
1015
1899
525
3209
1172
3682
702
3105
3920
889
1426
108
1379
3526
2001
35
3382
735
483
2724
562
2430
909
386
1305
272
1939
1779
3582
572
2369
3359
2235
3221
3606
2739
2873
2018
1369
75
2466
571
112
3447
1206
3349
330
2478
1986
1526
1368
2971
461
2159
596
2937
665
3222
178
866
2986
3547
476
2577
130
1592
2201
544
1638
3760
982
1896
3236
3575
217
2212
2154
279
2194
835
2625
35
3645
2438
2836
1191
3974
2512
1472
2605
1632
3999
1195
2011
3632
1370
1329
3817
2286
805
2012
1
3236
1684
1508
2228
2811
2839
2145
3733
2346
1564
1204
308
3841
3172
1884
389
1744
3728
1414
3906
529
2136
778
3793
3516
2714
3167
2575
887
2226
1477
132
867
1144
2151
2578
3915
3936
2193
697
924
3521
3834
3863
1318
1342
1785
857
2092
713
2813
620
3656
1955
1235
2816
2998
1103
3096
